0.000000 1.000000 0.500000 0.000000 0.000000 0.000000 0.000000
0.010000 0.100000 0.300000 0.000000 -0.900000 -0.200000 0.000000
0.020000 1.286000 0.030000 0.000000 1.186000 -0.270000 0.000000
0.030000 -1.285314 0.385800 0.000000 -2.571314 0.355800 0.000000
0.040000 -0.927044 -0.385594 0.000000 0.358270 -0.771394 0.000000
0.050000 -0.588770 -0.278113 0.000000 0.338275 0.107481 0.000000
0.060000 0.236577 -0.176631 0.000000 0.825347 0.101482 0.000000
0.070000 0.745013 0.070973 0.000000 0.508436 0.247604 0.000000
0.080000 0.293911 0.223504 0.000000 -0.451101 0.152531 0.000000
0.090000 1.102566 0.088173 0.000000 0.808655 -0.135330 0.000000
0.100000 -0.613740 0.330770 0.000000 -1.716307 0.242597 0.000000
0.110000 0.803422 -0.184122 0.000000 1.417162 -0.514892 0.000000
0.120000 -0.087804 0.241027 0.000000 -0.891226 0.425149 0.000000
0.130000 1.230233 -0.026341 0.000000 1.318037 -0.267368 0.000000
0.140000 -1.145205 0.369070 0.000000 -2.375438 0.395411 0.000000
0.150000 -0.467021 -0.343561 0.000000 0.678183 -0.712632 0.000000
0.160000 0.351086 -0.140106 0.000000 0.818107 0.203455 0.000000
0.170000 0.687328 0.105326 0.000000 0.336242 0.245432 0.000000
0.180000 0.443939 0.206198 0.000000 -0.243389 0.100873 0.000000
0.190000 0.930284 0.133182 0.000000 0.486345 -0.073017 0.000000
0.200000 -0.078418 0.279085 0.000000 -1.008703 0.145904 0.000000
0.210000 1.270476 -0.023526 0.000000 1.348895 -0.302611 0.000000
0.220000 -1.283279 0.381143 0.000000 -2.553755 0.404668 0.000000
0.230000 -0.924383 -0.384984 0.000000 0.358896 -0.766127 0.000000
0.240000 -0.581262 -0.277315 0.000000 0.343122 0.107669 0.000000
0.250000 0.249674 -0.174378 0.000000 0.830936 0.102937 0.000000
0.260000 0.738349 0.074902 0.000000 0.488675 0.249281 0.000000
0.270000 0.311678 0.221505 0.000000 -0.426671 0.146603 0.000000
0.280000 1.085504 0.093504 0.000000 0.773826 -0.128001 0.000000
0.290000 -0.556143 0.325651 0.000000 -1.641647 0.232148 0.000000
0.300000 0.892638 -0.166843 0.000000 1.448781 -0.492494 0.000000
0.310000 -0.282366 0.267791 0.000000 -1.175004 0.434634 0.000000
0.320000 1.156168 -0.084710 0.000000 1.438535 -0.352501 0.000000
0.330000 -0.956125 0.346851 0.000000 -2.112294 0.431560 0.000000
0.340000 0.067004 -0.286838 0.000000 1.023130 -0.633688 0.000000
0.350000 0.706877 0.020101 0.000000 0.639873 0.306939 0.000000
0.360000 0.320556 0.212063 0.000000 -0.386321 0.191962 0.000000
0.370000 1.068204 0.096167 0.000000 0.747648 -0.115896 0.000000
0.380000 -0.501318 0.320461 0.000000 -1.569522 0.224294 0.000000
0.390000 0.968614 -0.150395 0.000000 1.469932 -0.470857 0.000000
0.400000 -0.463894 0.290584 0.000000 -1.432508 0.440980 0.000000
0.410000 0.989308 -0.139168 0.000000 1.453202 -0.429752 0.000000
0.420000 -0.509391 0.296792 0.000000 -1.498698 0.435961 0.000000
0.430000 0.933522 -0.152817 0.000000 1.442913 -0.449610 0.000000
0.440000 -0.372866 0.280057 0.000000 -1.306389 0.432874 0.000000
0.450000 1.085416 -0.111860 0.000000 1.458282 -0.391917 0.000000
0.460000 -0.761238 0.325625 0.000000 -1.846653 0.437485 0.000000
0.470000 0.514349 -0.228371 0.000000 1.275586 -0.553996 0.000000
0.480000 0.401252 0.154305 0.000000 -0.113096 0.382676 0.000000
0.490000 0.928900 0.120376 0.000000 0.527647 -0.033929 0.000000
0.500000 -0.087621 0.278670 0.000000 -1.016521 0.158294 0.000000
0.510000 1.267922 -0.026286 0.000000 1.355542 -0.304956 0.000000
0.520000 -1.276961 0.380376 0.000000 -2.544883 0.406663 0.000000
0.530000 -0.902506 -0.383088 0.000000 0.374455 -0.763465 0.000000
0.540000 -0.523413 -0.270752 0.000000 0.379093 0.112337 0.000000
0.550000 0.345703 -0.157024 0.000000 0.869116 0.113728 0.000000
0.560000 0.675662 0.103711 0.000000 0.329959 0.260735 0.000000
0.570000 0.464584 0.202699 0.000000 -0.211077 0.098988 0.000000
0.580000 0.900524 0.139375 0.000000 0.435940 -0.063323 0.000000
0.590000 0.004054 0.270157 0.000000 -0.896470 0.130782 0.000000
0.600000 1.270134 0.001216 0.000000 1.266081 -0.268941 0.000000
0.610000 -1.257321 0.381040 0.000000 -2.527456 0.379824 0.000000
0.620000 -0.832160 -0.377196 0.000000 0.425162 -0.758237 0.000000
0.630000 -0.346682 -0.249648 0.000000 0.485478 0.127549 0.000000
0.640000 0.582089 -0.104005 0.000000 0.928770 0.145643 0.000000
0.650000 0.421637 0.174627 0.000000 -0.160451 0.278631 0.000000
0.660000 0.925737 0.126491 0.000000 0.504100 -0.048135 0.000000
0.670000 -0.073294 0.277721 0.000000 -0.999032 0.151230 0.000000
0.680000 1.270200 -0.021988 0.000000 1.343495 -0.299709 0.000000
0.690000 -1.280761 0.381060 0.000000 -2.550961 0.403048 0.000000
0.700000 -0.915428 -0.384228 0.000000 0.365333 -0.765288 0.000000
0.710000 -0.557439 -0.274628 0.000000 0.357988 0.109600 0.000000
0.720000 0.290338 -0.167232 0.000000 0.847777 0.107397 0.000000
0.730000 0.714754 0.087101 0.000000 0.424416 0.254333 0.000000
0.740000 0.371879 0.214426 0.000000 -0.342874 0.127325 0.000000
0.750000 1.020814 0.111564 0.000000 0.648935 -0.102862 0.000000
0.760000 -0.347323 0.306244 0.000000 -1.368137 0.194681 0.000000
0.770000 1.137358 -0.104197 0.000000 1.484681 -0.410441 0.000000
0.780000 -0.915213 0.341207 0.000000 -2.052572 0.445404 0.000000
0.790000 0.168545 -0.274564 0.000000 1.083759 -0.615772 0.000000
0.800000 0.685665 0.050564 0.000000 0.517120 0.325128 0.000000
0.810000 0.392372 0.205700 0.000000 -0.293294 0.155136 0.000000
0.820000 0.990162 0.117712 0.000000 0.597790 -0.087988 0.000000
0.830000 -0.254877 0.297049 0.000000 -1.245039 0.179337 0.000000
0.839999 1.206102 -0.076463 0.000000 1.460978 -0.373512 0.000000
0.849999 -1.113016 0.361830 0.000000 -2.319118 0.438294 0.000000
0.859999 -0.372496 -0.333905 0.000000 0.740520 -0.695735 0.000000
0.869999 0.471840 -0.111749 0.000000 0.844337 0.222156 0.000000
0.879999 0.576565 0.141552 0.000000 0.104725 0.253301 0.000000
0.889999 0.676155 0.172969 0.000000 0.099590 0.031417 0.000000
0.899999 0.532910 0.202846 0.000000 -0.143244 0.029877 0.000000
0.909999 0.805256 0.159873 0.000000 0.272345 -0.042973 0.000000
0.919999 0.252062 0.241577 0.000000 -0.553193 0.081704 0.000000
0.929999 1.152627 0.075619 0.000000 0.900565 -0.165958 0.000000
0.939999 -0.784351 0.345788 0.000000 -1.936978 0.270170 0.000000
0.949999 0.484500 -0.235305 0.000000 1.268851 -0.581093 0.000000
0.959999 0.436059 0.145350 0.000000 -0.048441 0.380655 0.000000
0.969999 0.879144 0.130818 0.000000 0.443086 -0.014532 0.000000
0.979999 0.048766 0.263743 0.000000 -0.830379 0.132926 0.000000
0.989999 1.260414 0.014630 0.000000 1.211648 -0.249114 0.000000
0.999999 -1.209471 0.378124 0.000000 -2.469884 0.363495 0.000000
1.009999 -0.669823 -0.362841 0.000000 0.539648 -0.740965 0.000000
1.019999 0.009031 -0.200947 0.000000 0.678854 0.161894 0.000000
1.029999 0.798939 0.002709 0.000000 0.789908 0.203656 0.000000
1.039999 0.109084 0.239682 0.000000 -0.689855 0.236972 0.000000
1.049999 1.223023 0.032725 0.000000 1.113938 -0.206956 0.000000
1.059999 -1.061373 0.366907 0.000000 -2.284395 0.334181 0.000000
1.069999 -0.210209 -0.318412 0.000000 0.851163 -0.685319 0.000000
1.079999 0.619725 -0.063063 0.000000 0.829934 0.255349 0.000000
1.089999 0.399254 0.185917 0.000000 -0.220471 0.248980 0.000000
1.099999 0.962752 0.119776 0.000000 0.563497 -0.066141 0.000000
1.109999 -0.177871 0.288826 0.000000 -1.140623 0.169049 0.000000
1.119999 1.244532 -0.053361 0.000000 1.422403 -0.342187 0.000000
1.129999 -1.221766 0.373360 0.000000 -2.466298 0.426721 0.000000
1.139999 -0.716437 -0.366530 0.000000 0.505329 -0.739890 0.000000
1.149999 -0.085124 -0.214931 0.000000 0.631313 0.151599 0.000000
1.159999 0.774924 -0.025537 0.000000 0.860049 0.189394 0.000000
1.169999 0.133752 0.232477 0.000000 -0.641172 0.258015 0.000000
1.179999 1.207432 0.040126 0.000000 1.073680 -0.192352 0.000000
1.189999 -1.000923 0.362230 0.000000 -2.208355 0.322104 0.000000
1.199999 -0.040356 -0.300277 0.000000 0.960567 -0.662506 0.000000
1.209999 0.697443 -0.012107 0.000000 0.737799 0.288170 0.000000
1.219999 0.306896 0.209233 0.000000 -0.390547 0.221340 0.000000
1.229999 1.077374 0.092069 0.000000 0.770478 -0.117164 0.000000
1.239999 -0.532960 0.323212 0.000000 -1.610334 0.231144 0.000000
1.249999 0.925547 -0.159888 0.000000 1.458507 -0.483100 0.000000
1.259999 -0.359181 0.277664 0.000000 -1.284729 0.437552 0.000000
1.269999 1.097049 -0.107754 0.000000 1.456230 -0.385419 0.000000
1.279999 -0.792676 0.329115 0.000000 -1.889724 0.436869 0.000000
1.289999 0.449445 -0.237803 0.000000 1.242121 -0.566917 0.000000
1.299999 0.479396 0.134834 0.000000 0.029951 0.372636 0.000000
1.309999 0.813085 0.143819 0.000000 0.333689 0.008985 0.000000
1.319999 0.218269 0.243925 0.000000 -0.594816 0.100107 0.000000
1.329999 1.177228 0.065481 0.000000 0.958959 -0.178445 0.000000
1.339999 -0.874731 0.353168 0.000000 -2.051959 0.287688 0.000000
1.349999 0.281953 -0.262419 0.000000 1.156684 -0.615588 0.000000
1.359999 0.626284 0.084586 0.000000 0.344331 0.347005 0.000000
1.369999 0.535462 0.187885 0.000000 -0.090822 0.103299 0.000000
1.379999 0.786478 0.160639 0.000000 0.251016 -0.027247 0.000000
1.389999 0.294671 0.235943 0.000000 -0.491807 0.075305 0.000000
1.399999 1.114380 0.088401 0.000000 0.819708 -0.147542 0.000000
1.409999 -0.650177 0.334314 0.000000 -1.764557 0.245912 0.000000
1.419999 0.742491 -0.195053 0.000000 1.392668 -0.529367 0.000000
1.429999 0.033136 0.222747 0.000000 -0.709355 0.417801 0.000000
1.439999 1.221210 0.009941 0.000000 1.188074 -0.212807 0.000000
1.449999 -1.077955 0.366363 0.000000 -2.299165 0.356422 0.000000
1.459999 -0.260419 -0.323387 0.000000 0.817536 -0.689750 0.000000
1.469999 0.581668 -0.078126 0.000000 0.842087 0.245261 0.000000
1.479999 0.448201 0.174500 0.000000 -0.133467 0.252626 0.000000
1.489999 0.893263 0.134460 0.000000 0.445062 -0.040040 0.000000
1.499999 0.017375 0.267979 0.000000 -0.875888 0.133518 0.000000
1.509999 1.267556 0.005213 0.000000 1.250181 -0.262766 0.000000
1.519999 -1.244166 0.380267 0.000000 -2.511722 0.375054 0.000000
1.529999 -0.786860 -0.373250 0.000000 0.457305 -0.753517 0.000000
1.539999 -0.240059 -0.236058 0.000000 0.546802 0.137192 0.000000
1.549999 0.683262 -0.072018 0.000000 0.923321 0.164041 0.000000
1.559999 0.274396 0.204979 0.000000 -0.408867 0.276996 0.000000
1.569999 1.099568 0.082319 0.000000 0.825173 -0.122660 0.000000
1.579999 -0.610352 0.329871 0.000000 -1.709921 0.247552 0.000000
1.589999 0.808329 -0.183106 0.000000 1.418681 -0.512976 0.000000
1.599999 -0.097860 0.242499 0.000000 -0.906189 0.425604 0.000000
1.609999 1.229092 -0.029358 0.000000 1.326951 -0.271857 0.000000
1.619999 -1.144291 0.368728 0.000000 -2.373382 0.398085 0.000000
1.629999 -0.464434 -0.343287 0.000000 0.679857 -0.712015 0.000000
1.639999 0.354734 -0.139330 0.000000 0.819168 0.203957 0.000000
1.649999 0.684499 0.106420 0.000000 0.329765 0.245751 0.000000
1.659999 0.450466 0.205350 0.000000 -0.234033 0.098929 0.000000
1.669999 0.921262 0.135140 0.000000 0.470796 -0.070210 0.000000
1.679999 -0.053074 0.276379 0.000000 -0.974337 0.141239 0.000000
1.689999 1.272435 -0.015922 0.000000 1.325509 -0.292301 0.000000
1.699999 -1.282650 0.381731 0.000000 -2.555085 0.397653 0.000000
1.709999 -0.921535 -0.384795 0.000000 0.361115 -0.766525 0.000000
1.719999 -0.573712 -0.276461 0.000000 0.347823 0.108334 0.000000
1.729999 0.262735 -0.172114 0.000000 0.836448 0.104347 0.000000
1.739999 0.731244 0.078821 0.000000 0.468509 0.250934 0.000000
1.749999 0.330215 0.219373 0.000000 -0.401030 0.140553 0.000000
1.759999 1.066715 0.099064 0.000000 0.736500 -0.120309 0.000000
1.769999 -0.493968 0.320014 0.000000 -1.560683 0.220950 0.000000
1.779999 0.978408 -0.148190 0.000000 1.472376 -0.468205 0.000000
1.789999 -0.488386 0.293522 0.000000 -1.466794 0.441713 0.000000
1.799999 0.959593 -0.146516 0.000000 1.447979 -0.440038 0.000000
1.809999 -0.435663 0.287878 0.000000 -1.395257 0.434394 0.000000
1.819999 1.022155 -0.130699 0.000000 1.457818 -0.418577 0.000000
1.829999 -0.593420 0.306646 0.000000 -1.615575 0.437345 0.000000
1.839999 0.813640 -0.178026 0.000000 1.407060 -0.484672 0.000000
1.849999 -0.104841 0.244092 0.000000 -0.918481 0.422118 0.000000
1.859999 1.228704 -0.031452 0.000000 1.333545 -0.275544 0.000000
1.869999 -1.145051 0.368611 0.000000 -2.373755 0.400063 0.000000
1.879999 -0.466986 -0.343515 0.000000 0.678064 -0.712126 0.000000
1.889999 0.351178 -0.140096 0.000000 0.818165 0.203419 0.000000
1.899999 0.687248 0.105353 0.000000 0.336069 0.245449 0.000000
1.909999 0.444121 0.206174 0.000000 -0.243127 0.100821 0.000000
1.919999 0.930034 0.133236 0.000000 0.485913 -0.072938 0.000000
1.929999 -0.077712 0.279010 0.000000 -1.007746 0.145774 0.000000
1.939999 1.270555 -0.023314 0.000000 1.348267 -0.302324 0.000000
1.949998 -1.283349 0.381167 0.000000 -2.553904 0.404480 0.000000
1.959998 -0.924611 -0.385005 0.000000 0.358738 -0.766171 0.000000
1.969998 -0.581873 -0.277383 0.000000 0.342739 0.107621 0.000000
1.979998 0.248611 -0.174562 0.000000 0.830483 0.102822 0.000000
1.989998 0.738908 0.074583 0.000000 0.490297 0.249145 0.000000
1.999998 0.310204 0.221672 0.000000 -0.428704 0.147089 0.000000
2.009999 1.086955 0.093061 0.000000 0.776751 -0.128611 0.000000
2.019999 -0.560999 0.326087 0.000000 -1.647955 0.233025 0.000000
2.029999 0.885478 -0.168300 0.000000 1.446478 -0.494386 0.000000
2.039999 -0.266000 0.265643 0.000000 -1.151478 0.433943 0.000000
2.049999 1.166585 -0.079800 0.000000 1.432585 -0.345444 0.000000
2.059999 -0.985089 0.349976 0.000000 -2.151675 0.429776 0.000000
2.069999 -0.008585 -0.295527 0.000000 0.976504 -0.645502 0.000000
2.079998 0.704370 -0.002575 0.000000 0.712955 0.292951 0.000000
2.089998 0.302832 0.211311 0.000000 -0.401538 0.213887 0.000000
2.099998 1.082921 0.090850 0.000000 0.780088 -0.120461 0.000000
2.109998 -0.550954 0.324876 0.000000 -1.633875 0.234026 0.000000
2.119998 0.899906 -0.165286 0.000000 1.450860 -0.490162 0.000000
2.129998 -0.299049 0.269972 0.000000 -1.198955 0.435258 0.000000
2.139998 1.144769 -0.089715 0.000000 1.443819 -0.359687 0.000000
2.149998 -0.924410 0.343431 0.000000 -2.069180 0.433146 0.000000
2.159998 0.147083 -0.277323 0.000000 1.071493 -0.620754 0.000000
2.169998 0.692390 0.044125 0.000000 0.545308 0.321448 0.000000
2.179998 0.372959 0.207717 0.000000 -0.319431 0.163592 0.000000
2.189998 1.012979 0.111888 0.000000 0.640020 -0.095829 0.000000
2.199998 -0.324690 0.303894 0.000000 -1.337670 0.192006 0.000000
2.209998 1.156300 -0.097407 0.000000 1.480991 -0.401301 0.000000
2.219998 -0.969250 0.346890 0.000000 -2.125550 0.444297 0.000000
2.229998 0.031667 -0.290775 0.000000 1.000917 -0.637665 0.000000
2.239998 0.707821 0.009500 0.000000 0.676154 0.300275 0.000000
2.249998 0.308085 0.212346 0.000000 -0.399736 0.202846 0.000000
2.259998 1.079463 0.092426 0.000000 0.771378 -0.119921 0.000000
2.269998 -0.538912 0.323839 0.000000 -1.618376 0.231414 0.000000
2.279998 0.917242 -0.161674 0.000000 1.456154 -0.485513 0.000000
2.289998 -0.339540 0.275173 0.000000 -1.256783 0.436846 0.000000
2.299998 1.113770 -0.101862 0.000000 1.453310 -0.377035 0.000000
2.309998 -0.838539 0.334131 0.000000 -1.952309 0.435993 0.000000
2.319998 0.349724 -0.251562 0.000000 1.188263 -0.585693 0.000000
2.329998 0.577209 0.104917 0.000000 0.227485 0.356479 0.000000
2.339998 0.638480 0.173163 0.000000 0.061271 0.068245 0.000000
2.349998 0.602444 0.191544 0.000000 -0.036035 0.018381 0.000000
2.359998 0.683429 0.180733 0.000000 0.080985 -0.010811 0.000000
2.369998 0.526827 0.205029 0.000000 -0.156602 0.024296 0.000000
2.379998 0.816463 0.158048 0.000000 0.289636 -0.046981 0.000000
2.389998 0.224791 0.244939 0.000000 -0.591673 0.086891 0.000000
2.399998 1.174196 0.067437 0.000000 0.949406 -0.177502 0.000000
2.409998 -0.862794 0.352259 0.000000 -2.036990 0.284822 0.000000
2.419998 0.310081 -0.258838 0.000000 1.172875 -0.611097 0.000000
2.429998 0.606552 0.093024 0.000000 0.296471 0.351862 0.000000
2.439998 0.577957 0.181966 0.000000 -0.028594 0.088941 0.000000
2.449998 0.714317 0.173387 0.000000 0.136359 -0.008578 0.000000
2.459998 0.459039 0.214295 0.000000 -0.255277 0.040908 0.000000
2.469998 0.919291 0.137712 0.000000 0.460252 -0.076583 0.000000
2.479998 -0.045423 0.275787 0.000000 -0.964714 0.138076 0.000000
2.489998 1.272899 -0.013627 0.000000 1.318321 -0.289414 0.000000
2.499998 -1.282007 0.381870 0.000000 -2.554905 0.395496 0.000000
2.509998 -0.919087 -0.384602 0.000000 0.362919 -0.766472 0.000000
2.519998 -0.567212 -0.275726 0.000000 0.351875 0.108876 0.000000
2.529998 0.273853 -0.170164 0.000000 0.841065 0.105563 0.000000
2.539998 0.724843 0.082156 0.000000 0.450990 0.252319 0.000000
2.549998 0.346600 0.217453 0.000000 -0.378244 0.135297 0.000000
2.559998 1.049269 0.103980 0.000000 0.702670 -0.113473 0.000000
2.569998 -0.437372 0.314781 0.000000 -1.486642 0.210801 0.000000
2.579998 1.046968 -0.131212 0.000000 1.484341 -0.445993 0.000000
2.589998 -0.665811 0.314091 0.000000 -1.712780 0.445302 0.000000
2.599998 0.693464 -0.199743 0.000000 1.359275 -0.513834 0.000000
2.609998 0.127008 0.208039 0.000000 -0.566456 0.407783 0.000000
2.619998 1.185456 0.038102 0.000000 1.058448 -0.169937 0.000000
2.629998 -0.929325 0.355637 0.000000 -2.114780 0.317534 0.000000
2.639998 0.146535 -0.278797 0.000000 1.075860 -0.634434 0.000000
2.649998 0.691141 0.043961 0.000000 0.544606 0.322758 0.000000
2.659998 0.375214 0.207342 0.000000 -0.315927 0.163382 0.000000
2.669998 1.010242 0.112564 0.000000 0.635028 -0.094778 0.000000
2.679998 -0.316260 0.303073 0.000000 -1.326503 0.190508 0.000000
2.689998 1.163044 -0.094878 0.000000 1.479304 -0.397951 0.000000
2.699998 -0.988617 0.348913 0.000000 -2.151661 0.443791 0.000000
2.709998 -0.019396 -0.296585 0.000000 0.969221 -0.645498 0.000000
2.719998 0.702888 -0.005819 0.000000 0.722284 0.290766 0.000000
2.729998 0.302509 0.210866 0.000000 -0.400379 0.216685 0.000000
2.739998 1.082750 0.090753 0.000000 0.780242 -0.120114 0.000000
2.749998 -0.550535 0.324825 0.000000 -1.633285 0.234072 0.000000
2.759998 0.900501 -0.165160 0.000000 1.451036 -0.489986 0.000000
2.769998 -0.300423 0.270150 0.000000 -1.200924 0.435311 0.000000
2.779998 1.143795 -0.090127 0.000000 1.444218 -0.360277 0.000000
2.789998 -0.921700 0.343138 0.000000 -2.065495 0.433265 0.000000
2.799998 0.153796 -0.276510 0.000000 1.075495 -0.619649 0.000000
2.809998 0.690376 0.046139 0.000000 0.536580 0.322649 0.000000
2.819998 0.378873 0.207113 0.000000 -0.311503 0.160974 0.000000
2.829998 1.006150 0.113662 0.000000 0.627278 -0.093451 0.000000
2.839998 -0.303612 0.301845 0.000000 -1.309763 0.188183 0.000000
2.849998 1.172793 -0.091084 0.000000 1.476405 -0.392929 0.000000
2.859998 -1.016703 0.351838 0.000000 -2.189496 0.442921 0.000000
2.869998 -0.095322 -0.305011 0.000000 0.921381 -0.656849 0.000000
2.879998 0.682268 -0.028597 0.000000 0.777590 0.276414 0.000000
2.889998 0.319718 0.204680 0.000000 -0.362551 0.233277 0.000000
2.899998 1.061573 0.095915 0.000000 0.741856 -0.108765 0.000000
2.909998 -0.481798 0.318472 0.000000 -1.543371 0.222557 0.000000
2.919998 0.993491 -0.144539 0.000000 1.475289 -0.463011 0.000000
2.929998 -0.526374 0.298047 0.000000 -1.519865 0.442587 0.000000
2.939998 0.910150 -0.157912 0.000000 1.436524 -0.455959 0.000000
2.949998 -0.317635 0.273045 0.000000 -1.227786 0.430957 0.000000
2.959998 1.131796 -0.095291 0.000000 1.449432 -0.368336 0.000000
2.969998 -0.888638 0.339539 0.000000 -2.020434 0.434829 0.000000
2.979998 0.233991 -0.266591 0.000000 1.122629 -0.606130 0.000000
2.989998 0.656756 0.070197 0.000000 0.422765 0.336789 0.000000
2.999998 0.466338 0.197027 0.000000 -0.190418 0.126829 0.000000
3.009998 0.892567 0.139901 0.000000 0.426230 -0.057125 0.000000
3.019998 0.024554 0.267770 0.000000 -0.868013 0.127869 0.000000
3.029998 1.266926 0.007366 0.000000 1.242372 -0.260404 0.000000
3.039998 -1.239776 0.380078 0.000000 -2.506703 0.372712 0.000000
3.049998 -0.771786 -0.371933 0.000000 0.467990 -0.752011 0.000000
3.059998 -0.205849 -0.231536 0.000000 0.565938 0.140397 0.000000
3.069998 0.709141 -0.061755 0.000000 0.914990 0.169781 0.000000
3.079998 0.234212 0.212742 0.000000 -0.474929 0.274497 0.000000
3.089998 1.135945 0.070264 0.000000 0.901733 -0.142479 0.000000
3.099998 -0.736256 0.340784 0.000000 -1.872201 0.270520 0.000000
3.109998 0.581882 -0.220877 0.000000 1.318138 -0.561660 0.000000
3.119998 0.305102 0.174565 0.000000 -0.276780 0.395441 0.000000
3.129997 1.044242 0.091531 0.000000 0.739140 -0.083034 0.000000
3.139997 -0.435088 0.313273 0.000000 -1.479331 0.221742 0.000000
3.149997 1.048250 -0.130527 0.000000 1.483338 -0.443799 0.000000
3.159997 -0.668886 0.314475 0.000000 -1.717136 0.445002 0.000000
3.169997 0.688104 -0.200666 0.000000 1.356990 -0.515141 0.000000
3.179997 0.136453 0.206431 0.000000 -0.551651 0.407097 0.000000
3.189997 1.180364 0.040936 0.000000 1.043911 -0.165495 0.000000
3.199997 -0.909627 0.354109 0.000000 -2.089991 0.313173 0.000000
3.209997 0.195720 -0.272888 0.000000 1.105347 -0.626997 0.000000
3.219997 0.673483 0.058716 0.000000 0.477764 0.331604 0.000000
3.229997 0.423704 0.202045 0.000000 -0.249779 0.143329 0.000000
3.239997 0.950709 0.127111 0.000000 0.527005 -0.074934 0.000000
3.249997 -0.138276 0.285213 0.000000 -1.088986 0.158102 0.000000
3.259997 1.258444 -0.041483 0.000000 1.396721 -0.326696 0.000000
3.269997 -1.258638 0.377533 0.000000 -2.517082 0.419016 0.000000
3.279997 -0.840303 -0.377591 0.000000 0.418335 -0.755125 0.000000
3.289997 -0.366144 -0.252091 0.000000 0.474159 0.125500 0.000000
3.299997 0.560224 -0.109843 0.000000 0.926367 0.142248 0.000000
3.309997 0.450766 0.168067 0.000000 -0.109457 0.277910 0.000000
3.319997 0.883601 0.135230 0.000000 0.432834 -0.032837 0.000000
3.329997 0.042180 0.265080 0.000000 -0.841421 0.129850 0.000000
3.339997 1.262589 0.012654 0.000000 1.220410 -0.252426 0.000000
3.349997 -1.219131 0.378777 0.000000 -2.481720 0.366123 0.000000
3.359997 -0.702016 -0.365739 0.000000 0.517115 -0.744516 0.000000
3.369997 -0.055697 -0.210605 0.000000 0.646320 0.155135 0.000000
3.379997 0.785052 -0.016709 0.000000 0.840749 0.193896 0.000000
3.389997 0.120461 0.235516 0.000000 -0.664591 0.252225 0.000000
3.399997 1.215200 0.036138 0.000000 1.094739 -0.199377 0.000000
3.409997 -1.031258 0.364560 0.000000 -2.246459 0.328422 0.000000
3.419997 -0.124331 -0.309378 0.000000 0.906927 -0.673938 0.000000
3.429997 0.668981 -0.037299 0.000000 0.793312 0.272078 0.000000
3.439997 0.336151 0.200694 0.000000 -0.332830 0.237994 0.000000
3.449997 1.042498 0.100845 0.000000 0.706347 -0.099849 0.000000
3.459997 -0.420677 0.312749 0.000000 -1.463175 0.211904 0.000000
3.469997 1.064993 -0.126203 0.000000 1.485670 -0.438952 0.000000
3.479997 -0.714097 0.319498 0.000000 -1.779089 0.445701 0.000000
3.489997 0.605590 -0.214229 0.000000 1.319687 -0.533727 0.000000
3.499997 0.272335 0.181677 0.000000 -0.333255 0.395906 0.000000
3.509997 1.077844 0.081701 0.000000 0.805508 -0.099977 0.000000
3.519997 -0.544746 0.323353 0.000000 -1.622590 0.241653 0.000000
3.529997 0.907906 -0.163424 0.000000 1.452652 -0.486777 0.000000
3.539997 -0.317434 0.272372 0.000000 -1.225340 0.435796 0.000000
3.549997 1.131302 -0.095230 0.000000 1.448736 -0.367602 0.000000
3.559997 -0.887011 0.339391 0.000000 -2.018313 0.434621 0.000000
3.569997 0.237886 -0.266103 0.000000 1.124897 -0.605494 0.000000
3.579997 0.654671 0.071366 0.000000 0.416786 0.337469 0.000000
3.589997 0.471334 0.196401 0.000000 -0.183338 0.125036 0.000000
3.599997 0.885384 0.141400 0.000000 0.414050 -0.055001 0.000000
3.609997 0.043934 0.265615 0.000000 -0.841450 0.124215 0.000000
3.619997 1.262913 0.013180 0.000000 1.218979 -0.252435 0.000000
3.629997 -1.219749 0.378874 0.000000 -2.482662 0.365694 0.000000
3.639997 -0.704028 -0.365925 0.000000 0.515721 -0.744799 0.000000
3.649997 -0.059843 -0.211208 0.000000 0.644186 0.154716 0.000000
3.659997 0.783778 -0.017953 0.000000 0.843621 0.193256 0.000000
3.669997 0.122016 0.235133 0.000000 -0.661762 0.253086 0.000000
3.679997 1.214290 0.036605 0.000000 1.092274 -0.198529 0.000000
3.689997 -1.027696 0.364287 0.000000 -2.241987 0.327682 0.000000
3.699997 -0.114337 -0.308309 0.000000 0.913360 -0.672596 0.000000
3.709997 0.673389 -0.034301 0.000000 0.787726 0.274008 0.000000
3.719997 0.330865 0.202017 0.000000 -0.342524 0.236318 0.000000
3.729997 1.048756 0.099260 0.000000 0.717891 -0.102757 0.000000
3.739997 -0.440586 0.314627 0.000000 -1.489342 0.215367 0.000000
3.749997 1.042865 -0.132176 0.000000 1.483451 -0.446803 0.000000
3.759997 -0.654769 0.312859 0.000000 -1.697634 0.445035 0.000000
3.769997 0.712648 -0.196431 0.000000 1.367417 -0.509290 0.000000
3.779997 0.092555 0.213794 0.000000 -0.620093 0.410225 0.000000
3.789997 1.201801 0.027767 0.000000 1.109246 -0.186028 0.000000
3.799997 -0.994291 0.360540 0.000000 -2.196092 0.332774 0.000000
3.809997 -0.023519 -0.298287 0.000000 0.970771 -0.658828 0.000000
3.819997 0.700938 -0.007056 0.000000 0.724458 0.291231 0.000000
3.829997 0.305104 0.210282 0.000000 -0.395834 0.217337 0.000000
3.839997 1.079958 0.091531 0.000000 0.774854 -0.118750 0.000000
3.849997 -0.541301 0.323987 0.000000 -1.621259 0.232456 0.000000
3.859997 0.913778 -0.162390 0.000000 1.455079 -0.486378 0.000000
3.869997 -0.331376 0.274133 0.000000 -1.245154 0.436524 0.000000
3.879997 1.120399 -0.099413 0.000000 1.451775 -0.373546 0.000000
3.889997 -0.856825 0.336120 0.000000 -1.977224 0.435533 0.000000
3.899997 0.308312 -0.257047 0.000000 1.165137 -0.593167 0.000000
3.909997 0.609874 0.092494 0.000000 0.301562 0.349541 0.000000
3.919997 0.571769 0.182962 0.000000 -0.038104 0.090469 0.000000
3.929997 0.725274 0.171531 0.000000 0.153505 -0.011431 0.000000
3.939997 0.435100 0.217582 0.000000 -0.290174 0.046051 0.000000
3.949997 0.952546 0.130530 0.000000 0.517446 -0.087052 0.000000
3.959997 -0.139751 0.285764 0.000000 -1.092297 0.155234 0.000000
3.969997 1.258421 -0.041925 0.000000 1.398172 -0.327689 0.000000
3.979997 -1.258999 0.377526 0.000000 -2.517420 0.419452 0.000000
3.989997 -0.841584 -0.377700 0.000000 0.417415 -0.755226 0.000000
3.999997 -0.369268 -0.252475 0.000000 0.472315 0.125225 0.000000
4.009997 0.556622 -0.110781 0.000000 0.925891 0.141695 0.000000
4.019997 0.455460 0.166987 0.000000 -0.101162 0.277767 0.000000
4.029997 0.876565 0.136638 0.000000 0.421105 -0.030349 0.000000
4.039998 0.060925 0.262969 0.000000 -0.815640 0.126331 0.000000
4.049998 1.257773 0.018278 0.000000 1.196848 -0.244692 0.000000
4.059998 -1.196512 0.377332 0.000000 -2.454285 0.359054 0.000000
4.069998 -0.626965 -0.358954 0.000000 0.569547 -0.736285 0.000000
4.079998 0.090728 -0.188089 0.000000 0.717693 0.170864 0.000000
4.089999 0.800386 0.027218 0.000000 0.709659 0.215308 0.000000
4.099999 0.130353 0.240116 0.000000 -0.670034 0.212898 0.000000
4.109999 1.216327 0.039106 0.000000 1.085975 -0.201010 0.000000
4.119999 -1.032127 0.364898 0.000000 -2.248455 0.325792 0.000000
4.130000 -0.126504 -0.309638 0.000000 0.905624 -0.674537 0.000000
4.140000 0.667957 -0.037951 0.000000 0.794461 0.271687 0.000000
4.150000 0.337415 0.200387 0.000000 -0.330542 0.238338 0.000000
4.160000 1.040999 0.101225 0.000000 0.703583 -0.099163 0.000000
4.170001 -0.415925 0.312300 0.000000 -1.456923 0.211075 0.000000
4.180001 1.070109 -0.124777 0.000000 1.486034 -0.437077 0.000000
4.190001 -0.727964 0.321033 0.000000 -1.798073 0.445810 0.000000
4.200001 0.579129 -0.218389 0.000000 1.307093 -0.539422 0.000000
4.210001 0.312064 0.173739 0.000000 -0.267066 0.392128 0.000000
4.220002 1.037401 0.093619 0.000000 0.725338 -0.080120 0.000000
4.230002 -0.413063 0.311220 0.000000 -1.450465 0.217601 0.000000
4.240002 1.072351 -0.123919 0.000000 1.485414 -0.435139 0.000000
4.250002 -0.733829 0.321705 0.000000 -1.806180 0.445624 0.000000
4.260003 0.567798 -0.220149 0.000000 1.301627 -0.541854 0.000000
4.270003 0.328499 0.170339 0.000000 -0.239299 0.390488 0.000000
4.280003 1.019263 0.098550 0.000000 0.690764 -0.071790 0.000000
4.290003 -0.355906 0.305779 0.000000 -1.375170 0.207229 0.000000
4.300004 1.128442 -0.106772 0.000000 1.484348 -0.412551 0.000000
4.310004 -0.889505 0.338533 0.000000 -2.017947 0.445305 0.000000
4.320004 0.230825 -0.266852 0.000000 1.120331 -0.605384 0.000000
4.330004 0.658556 0.069248 0.000000 0.427731 0.336099 0.000000
4.340004 0.462073 0.197567 0.000000 -0.196483 0.128319 0.000000
4.350005 0.898650 0.138622 0.000000 0.436577 -0.058945 0.000000
4.360005 0.008021 0.269595 0.000000 -0.890630 0.130973 0.000000
4.370005 1.269505 0.002406 0.000000 1.261484 -0.267189 0.000000
4.380005 -1.253894 0.380852 0.000000 -2.523399 0.378445 0.000000
4.390006 -0.820299 -0.376168 0.000000 0.433595 -0.757020 0.000000
4.400006 -0.318214 -0.246090 0.000000 0.502085 0.130079 0.000000
4.410006 0.612146 -0.095464 0.000000 0.930360 0.150625 0.000000
4.420006 0.379924 0.183644 0.000000 -0.232222 0.279108 0.000000
4.430007 0.981565 0.113977 0.000000 0.601641 -0.069667 0.000000
4.440007 -0.234881 0.294470 0.000000 -1.216446 0.180492 0.000000
4.450007 1.217233 -0.070464 0.000000 1.452114 -0.364934 0.000000
4.460007 -1.144783 0.365170 0.000000 -2.362015 0.435634 0.000000
4.470007 -0.469568 -0.343435 0.000000 0.675215 -0.708605 0.000000
4.480008 0.347873 -0.140870 0.000000 0.817442 0.202564 0.000000
4.490008 0.689707 0.104362 0.000000 0.341834 0.245232 0.000000
4.500008 0.438387 0.206912 0.000000 -0.251320 0.102550 0.000000
4.510008 0.937855 0.131516 0.000000 0.499468 -0.075396 0.000000
4.520009 -0.099885 0.281357 0.000000 -1.037740 0.149840 0.000000
4.530009 1.267389 -0.029965 0.000000 1.367274 -0.311322 0.000000
4.540009 -1.278749 0.380217 0.000000 -2.546138 0.410182 0.000000
4.550009 -0.909063 -0.383625 0.000000 0.369686 -0.763842 0.000000
4.560009 -0.540579 -0.272719 0.000000 0.368484 0.110906 0.000000
4.570010 0.318165 -0.162174 0.000000 0.858744 0.110545 0.000000
4.580010 0.696106 0.095449 0.000000 0.377941 0.257623 0.000000
4.590010 0.417060 0.208832 0.000000 -0.279046 0.113382 0.000000
4.600010 0.965317 0.125118 0.000000 0.548257 -0.083714 0.000000
4.610011 -0.179453 0.289595 0.000000 -1.144770 0.164477 0.000000
4.620011 1.244510 -0.053836 0.000000 1.423963 -0.343431 0.000000
4.630011 -1.222164 0.373353 0.000000 -2.466674 0.427189 0.000000
4.640011 -0.717805 -0.366649 0.000000 0.504359 -0.740002 0.000000
4.650012 -0.087991 -0.215342 0.000000 0.629814 0.151308 0.000000
4.660012 0.773819 -0.026397 0.000000 0.861810 0.188944 0.000000
4.670012 0.135289 0.232146 0.000000 -0.638530 0.258543 0.000000
4.680012 1.206522 0.040587 0.000000 1.071233 -0.191559 0.000000
4.690012 -0.997385 0.361956 0.000000 -2.203907 0.321370 0.000000
4.700013 -0.030731 -0.299216 0.000000 0.966654 -0.661172 0.000000
4.710013 0.699462 -0.009219 0.000000 0.730194 0.289996 0.000000
4.720013 0.305834 0.209839 0.000000 -0.393628 0.219058 0.000000
4.730013 1.078890 0.091750 0.000000 0.773056 -0.118088 0.000000
4.740014 -0.537856 0.323667 0.000000 -1.616746 0.231917 0.000000
4.750014 0.918663 -0.161357 0.000000 1.456519 -0.485024 0.000000
4.760014 -0.342875 0.275599 0.000000 -1.261538 0.436956 0.000000
4.770014 1.111010 -0.102863 0.000000 1.453886 -0.378462 0.000000
4.780015 -0.830944 0.333303 0.000000 -1.941954 0.436166 0.000000
4.790015 0.366649 -0.249283 0.000000 1.197592 -0.582586 0.000000
4.800015 0.562513 0.109995 0.000000 0.195864 0.359278 0.000000
4.810015 0.667006 0.168754 0.000000 0.104493 0.058759 0.000000
4.820015 0.545899 0.200102 0.000000 -0.121107 0.031348 0.000000
4.830016 0.782894 0.163770 0.000000 0.236996 -0.036332 0.000000
4.840016 0.305677 0.234868 0.000000 -0.477217 0.071099 0.000000
4.850016 1.104055 0.091703 0.000000 0.798378 -0.143165 0.000000
4.860016 -0.614808 0.331216 0.000000 -1.718863 0.239513 0.000000
4.870017 0.802031 -0.184443 0.000000 1.416840 -0.515659 0.000000
4.880017 -0.084998 0.240609 0.000000 -0.887030 0.425052 0.000000
4.890017 1.230495 -0.025499 0.000000 1.315493 -0.266109 0.000000
4.900017 -1.145264 0.369148 0.000000 -2.375759 0.394648 0.000000
4.910017 -0.467134 -0.343579 0.000000 0.678131 -0.712728 0.000000
4.920018 0.350921 -0.140140 0.000000 0.818055 0.203439 0.000000
4.930018 0.687456 0.105276 0.000000 0.336534 0.245417 0.000000
4.940018 0.443643 0.206237 0.000000 -0.243813 0.100960 0.000000
4.950018 0.930690 0.133093 0.000000 0.487047 -0.073144 0.000000
4.960019 -0.079565 0.279207 0.000000 -1.010255 0.146114 0.000000
4.970019 1.270344 -0.023869 0.000000 1.349909 -0.303076 0.000000
4.980019 -1.283154 0.381103 0.000000 -2.553498 0.404973 0.000000
4.990019 -0.923973 -0.384946 0.000000 0.359180 -0.766049 0.000000
5.000020 -0.580163 -0.277192 0.000000 0.343810 0.107754 0.000000
5.010020 0.251582 -0.174049 0.000000 0.831746 0.103143 0.000000
5.020020 0.737340 0.075475 0.000000 0.485757 0.249524 0.000000
5.030020 0.314337 0.221202 0.000000 -0.423003 0.145727 0.000000
5.040020 1.082871 0.094301 0.000000 0.768534 -0.126901 0.000000
5.050021 -0.547353 0.324861 0.000000 -1.630224 0.230560 0.000000
5.060021 0.905429 -0.164206 0.000000 1.452781 -0.489067 0.000000
5.070021 -0.311927 0.271629 0.000000 -1.217355 0.435834 0.000000
5.080021 1.135411 -0.093578 0.000000 1.447338 -0.365207 0.000000
5.090022 -0.898399 0.340623 0.000000 -2.033810 0.434201 0.000000
5.100022 0.210655 -0.269520 0.000000 1.109054 -0.610143 0.000000
5.110022 0.668355 0.063196 0.000000 0.457700 0.332716 0.000000
5.120022 0.437819 0.200506 0.000000 -0.230536 0.137310 0.000000
5.130023 0.932147 0.131346 0.000000 0.494328 -0.069161 0.000000
5.140023 -0.085111 0.279644 0.000000 -1.017257 0.148298 0.000000
5.150023 1.269503 -0.025533 0.000000 1.354613 -0.305177 0.000000
5.160023 -1.281825 0.380851 0.000000 -2.551328 0.406384 0.000000
5.170023 -0.919454 -0.384547 0.000000 0.362371 -0.765398 0.000000
5.180024 -0.568102 -0.275836 0.000000 0.351352 0.108711 0.000000
5.190024 0.272329 -0.170430 0.000000 0.840430 0.105406 0.000000
5.200024 0.725742 0.081699 0.000000 0.453413 0.252129 0.000000
5.210024 0.344317 0.217722 0.000000 -0.381424 0.136024 0.000000
5.220025 1.051746 0.103295 0.000000 0.707429 -0.114427 0.000000
5.230025 -0.445343 0.315524 0.000000 -1.497089 0.212229 0.000000
5.240025 1.037862 -0.133603 0.000000 1.483204 -0.449127 0.000000
5.250025 -0.641622 0.311359 0.000000 -1.679484 0.444961 0.000000
5.260026 0.735007 -0.192487 0.000000 1.376630 -0.503845 0.000000
5.270026 0.051183 0.220502 0.000000 -0.683824 0.412989 0.000000
5.280026 1.216835 0.015355 0.000000 1.165651 -0.205147 0.000000
5.290026 -1.057606 0.365050 0.000000 -2.274440 0.349695 0.000000
5.300026 -0.200892 -0.317282 0.000000 0.856714 -0.682332 0.000000
5.310027 0.626218 -0.060268 0.000000 0.827110 0.257014 0.000000
5.320027 0.390724 0.187865 0.000000 -0.235493 0.248133 0.000000
5.330027 0.974133 0.117217 0.000000 0.583409 -0.070648 0.000000
5.340027 -0.211293 0.292240 0.000000 -1.185426 0.175023 0.000000
5.350028 1.229738 -0.063388 0.000000 1.441031 -0.355628 0.000000
5.360028 -1.180544 0.368921 0.000000 -2.410282 0.432309 0.000000
5.370028 -0.582236 -0.354163 0.000000 0.598308 -0.723085 0.000000
5.380028 0.171238 -0.174671 0.000000 0.753475 0.179492 0.000000
5.390028 0.784278 0.051371 0.000000 0.613039 0.226042 0.000000
5.400029 0.190244 0.235283 0.000000 -0.594034 0.183912 0.000000
5.410029 1.184614 0.057073 0.000000 0.994370 -0.178210 0.000000
5.420029 -0.907560 0.355384 0.000000 -2.092174 0.298311 0.000000
5.430029 0.202253 -0.272268 0.000000 1.109813 -0.627652 0.000000
5.440030 0.670463 0.060676 0.000000 0.468210 0.332944 0.000000
5.450030 0.431347 0.201139 0.000000 -0.239116 0.140463 0.000000
5.460030 0.940655 0.129404 0.000000 0.509308 -0.071735 0.000000
5.470030 -0.109360 0.282196 0.000000 -1.050015 0.152792 0.000000
5.480031 1.265453 -0.032808 0.000000 1.374813 -0.315004 0.000000
5.490031 -1.274728 0.379636 0.000000 -2.540181 0.412444 0.000000
5.500031 -0.895267 -0.382418 0.000000 0.379461 -0.762054 0.000000
5.510031 -0.504522 -0.268580 0.000000 0.390745 0.113838 0.000000
5.520031 0.375060 -0.151357 0.000000 0.879583 0.117223 0.000000
5.530032 0.651705 0.112518 0.000000 0.276645 0.263875 0.000000
5.540032 0.517911 0.195512 0.000000 -0.133795 0.082994 0.000000
5.550032 0.819988 0.155373 0.000000 0.302077 -0.040138 0.000000
5.560032 0.214042 0.245996 0.000000 -0.605946 0.090623 0.000000
5.570033 1.181857 0.064213 0.000000 0.967815 -0.181784 0.000000
5.580033 -0.891287 0.354557 0.000000 -2.073144 0.290345 0.000000
5.590033 0.242408 -0.267386 0.000000 1.133695 -0.621943 0.000000
5.600033 0.650348 0.072722 0.000000 0.407940 0.340108 0.000000
5.610034 0.480589 0.195104 0.000000 -0.169759 0.122382 0.000000
5.620034 0.871752 0.144177 0.000000 0.391163 -0.050928 0.000000
5.630034 0.080244 0.261526 0.000000 -0.791509 0.117349 0.000000
5.640034 1.252511 0.024073 0.000000 1.172267 -0.237453 0.000000
5.650034 -1.172224 0.375753 0.000000 -2.424736 0.351680 0.000000
5.660035 -0.548000 -0.351667 0.000000 0.624224 -0.727421 0.000000
5.670035 0.227907 -0.164400 0.000000 0.775907 0.187267 0.000000
5.680035 0.762882 0.068372 0.000000 0.534975 0.232772 0.000000
5.690035 0.253588 0.228865 0.000000 -0.509294 0.160493 0.000000
5.700036 1.138835 0.076076 0.000000 0.885247 -0.152788 0.000000
5.710036 -0.739647 0.341651 0.000000 -1.878482 0.265574 0.000000
5.720036 0.575741 -0.221894 0.000000 1.315389 -0.563545 0.000000
5.730036 0.314036 0.172722 0.000000 -0.261705 0.394617 0.000000
5.740036 1.034656 0.094211 0.000000 0.720620 -0.078512 0.000000
5.750037 -0.404507 0.310397 0.000000 -1.439163 0.216186 0.000000
5.760037 1.081320 -0.121352 0.000000 1.485828 -0.431749 0.000000
5.770037 -0.758307 0.324396 0.000000 -1.839627 0.445748 0.000000
5.780037 0.519355 -0.227492 0.000000 1.277662 -0.551888 0.000000
5.790038 0.394886 0.155807 0.000000 -0.124470 0.383299 0.000000
5.800038 0.937498 0.118466 0.000000 0.542612 -0.037341 0.000000
5.810038 -0.111997 0.281249 0.000000 -1.049495 0.162784 0.000000
5.820038 1.263689 -0.033599 0.000000 1.375686 -0.314849 0.000000
5.830039 -1.269272 0.379107 0.000000 -2.532960 0.412706 0.000000
5.840039 -0.876365 -0.380782 0.000000 0.392907 -0.759888 0.000000
5.850039 -0.456003 -0.262909 0.000000 0.420362 0.117872 0.000000
5.860039 0.445976 -0.136801 0.000000 0.901979 0.126109 0.000000
5.870039 0.584746 0.133793 0.000000 0.138770 0.270594 0.000000
5.880040 0.655093 0.175424 0.000000 0.070347 0.041631 0.000000
5.890040 0.574618 0.196528 0.000000 -0.080476 0.021104 0.000000
5.900040 0.734269 0.172385 0.000000 0.159651 -0.024143 0.000000
5.910040 0.417575 0.220281 0.000000 -0.316694 0.047895 0.000000
5.920041 0.976165 0.125272 0.000000 0.558590 -0.095008 0.000000
5.930041 -0.208784 0.292849 0.000000 -1.184949 0.167577 0.000000
5.940041 1.231822 -0.062635 0.000000 1.440607 -0.355485 0.000000
5.950041 -1.186975 0.369547 0.000000 -2.418798 0.432182 0.000000
5.960042 -0.602928 -0.356093 0.000000 0.584047 -0.725639 0.000000
5.970042 0.134976 -0.180878 0.000000 0.737904 0.175214 0.000000
5.980042 0.793616 0.040493 0.000000 0.658639 0.221371 0.000000
5.990042 0.158737 0.238085 0.000000 -0.634879 0.197592 0.000000
6.000042 1.202808 0.047621 0.000000 1.044071 -0.190464 0.000000
6.010043 -0.977826 0.360842 0.000000 -2.180634 0.313221 0.000000
6.020043 0.022242 -0.293348 0.000000 1.000068 -0.654190 0.000000
6.030043 0.705960 0.006673 0.000000 0.683718 0.300020 0.000000
6.040043 0.308942 0.211788 0.000000 -0.397018 0.205115 0.000000
6.050044 1.078165 0.092683 0.000000 0.769223 -0.119105 0.000000
6.060044 -0.534732 0.323449 0.000000 -1.612897 0.230767 0.000000
6.070044 0.923136 -0.160420 0.000000 1.457868 -0.483869 0.000000
6.080044 -0.353471 0.276941 0.000000 -1.276606 0.437360 0.000000
6.090044 1.102023 -0.106041 0.000000 1.455493 -0.382982 0.000000
6.100045 -0.806276 0.330607 0.000000 -1.908299 0.436648 0.000000
6.110045 0.420492 -0.241883 0.000000 1.226769 -0.572490 0.000000
6.120045 0.510578 0.126148 0.000000 0.090085 0.368031 0.000000
6.130045 0.761182 0.153173 0.000000 0.250605 0.027026 0.000000
6.140046 0.342015 0.228355 0.000000 -0.419167 0.075181 0.000000
6.150046 1.064591 0.102605 0.000000 0.722575 -0.125750 0.000000
6.160046 -0.484090 0.319377 0.000000 -1.548680 0.216773 0.000000
6.170046 0.991297 -0.145227 0.000000 1.475387 -0.464604 0.000000
6.180047 -0.520966 0.297389 0.000000 -1.512263 0.442616 0.000000
6.190047 0.917422 -0.156290 0.000000 1.438388 -0.453679 0.000000
6.200047 -0.334619 0.275227 0.000000 -1.252041 0.431516 0.000000
6.210047 1.118469 -0.100386 0.000000 1.453088 -0.375612 0.000000
6.220047 -0.851748 0.335541 0.000000 -1.970218 0.435926 0.000000
6.230048 0.319875 -0.255525 0.000000 1.171624 -0.591065 0.000000
6.240048 0.601227 0.095963 0.000000 0.281352 0.351487 0.000000
6.250048 0.589899 0.180368 0.000000 -0.011328 0.084405 0.000000
6.260048 0.693195 0.176970 0.000000 0.103296 -0.003398 0.000000
6.270049 0.504243 0.207958 0.000000 -0.188952 0.030989 0.000000
6.280049 0.851993 0.151273 0.000000 0.347750 -0.056685 0.000000
6.290049 0.135025 0.255598 0.000000 -0.716968 0.104325 0.000000
6.300049 1.230074 0.040507 0.000000 1.095049 -0.215091 0.000000
6.310050 -1.077806 0.369022 0.000000 -2.307880 0.328515 0.000000
6.320050 -0.257310 -0.323342 0.000000 0.820496 -0.692364 0.000000
6.330050 0.583966 -0.077193 0.000000 0.841276 0.246149 0.000000
6.340050 0.445384 0.175190 0.000000 -0.138583 0.252383 0.000000
6.350050 0.897477 0.133615 0.000000 0.452093 -0.041575 0.000000
6.360051 0.005965 0.269243 0.000000 -0.891512 0.135628 0.000000
6.370051 1.269193 0.001789 0.000000 1.263229 -0.267454 0.000000
6.380051 -1.253402 0.380758 0.000000 -2.522596 0.378969 0.000000
6.390051 -0.818666 -0.376021 0.000000 0.434736 -0.756779 0.000000
6.400052 -0.314321 -0.245600 0.000000 0.504345 0.130421 0.000000
6.410052 0.616083 -0.094296 0.000000 0.930404 0.151304 0.000000
6.420052 0.374322 0.184825 0.000000 -0.241761 0.279121 0.000000
6.430052 0.988661 0.112297 0.000000 0.614340 -0.072528 0.000000
6.440053 -0.256136 0.296598 0.000000 -1.244797 0.184302 0.000000
6.450053 1.204751 -0.076841 0.000000 1.460886 -0.373439 0.000000
6.460053 -1.108835 0.361425 0.000000 -2.313586 0.438266 0.000000
6.470053 -0.359896 -0.332651 0.000000 0.748939 -0.694076 0.000000
6.480053 0.486014 -0.107969 0.000000 0.845910 0.224682 0.000000
6.490054 0.561337 0.145804 0.000000 0.075323 0.253773 0.000000
6.500054 0.704665 0.168401 0.000000 0.143328 0.022597 0.000000
6.510054 0.473227 0.211400 0.000000 -0.231438 0.042998 0.000000
6.520054 0.897878 0.141968 0.000000 0.424651 -0.069431 0.000000
6.530055 0.013309 0.269363 0.000000 -0.884569 0.127395 0.000000
6.540055 1.269115 0.003993 0.000000 1.255806 -0.265371 0.000000
6.550055 -1.250923 0.380735 0.000000 -2.520039 0.376742 0.000000
6.560055 -0.809997 -0.375277 0.000000 0.440926 -0.756012 0.000000
6.570055 -0.293810 -0.242999 0.000000 0.516187 0.132278 0.000000
6.580056 0.636147 -0.088143 0.000000 0.929957 0.154856 0.000000
6.590056 0.345301 0.190844 0.000000 -0.290847 0.278987 0.000000
6.600056 1.023919 0.103590 0.000000 0.678618 -0.087254 0.000000
6.610056 -0.364183 0.307176 0.000000 -1.388102 0.203585 0.000000
6.620057 1.121495 -0.109255 0.000000 1.485678 -0.416431 0.000000
6.630057 -0.870106 0.336448 0.000000 -1.991601 0.445703 0.000000
6.640057 0.276531 -0.261032 0.000000 1.146636 -0.597480 0.000000
6.650057 0.631912 0.082959 0.000000 0.355381 0.343991 0.000000
6.660058 0.523922 0.189573 0.000000 -0.107989 0.106614 0.000000
6.670058 0.805281 0.157177 0.000000 0.281359 -0.032397 0.000000
6.680058 0.249307 0.241584 0.000000 -0.555974 0.084408 0.000000
6.690058 1.154569 0.074792 0.000000 0.905261 -0.166792 0.000000
6.700058 -0.791448 0.346371 0.000000 -1.946016 0.271578 0.000000
6.710059 0.469425 -0.237434 0.000000 1.260873 -0.583805 0.000000
6.720059 0.454061 0.140828 0.000000 -0.015364 0.378262 0.000000
6.730059 0.852187 0.136218 0.000000 0.398126 -0.004609 0.000000
6.740059 0.119506 0.255656 0.000000 -0.732681 0.119438 0.000000
6.750060 1.235662 0.035852 0.000000 1.116156 -0.219804 0.000000
6.760060 -1.101752 0.370699 0.000000 -2.337414 0.334847 0.000000
6.770060 -0.328703 -0.330526 0.000000 0.773049 -0.701224 0.000000
6.780060 0.518210 -0.098611 0.000000 0.846913 0.231915 0.000000
6.790061 0.525430 0.155463 0.000000 0.007220 0.254074 0.000000
6.800061 0.768955 0.157629 0.000000 0.243525 0.002166 0.000000
6.810061 0.329820 0.230687 0.000000 -0.439135 0.073057 0.000000
6.820061 1.078393 0.098946 0.000000 0.748572 -0.131740 0.000000
6.830061 -0.529156 0.323518 0.000000 -1.607549 0.224572 0.000000
6.840062 0.931509 -0.158747 0.000000 1.460665 -0.482265 0.000000
6.850062 -0.373539 0.279453 0.000000 -1.305047 0.438200 0.000000
6.860062 1.084109 -0.112062 0.000000 1.457648 -0.391514 0.000000
6.870062 -0.757471 0.325233 0.000000 -1.841580 0.437294 0.000000
6.880063 0.521965 -0.227241 0.000000 1.279436 -0.552474 0.000000
6.890063 0.391332 0.156590 0.000000 -0.130634 0.383831 0.000000
6.900063 0.942193 0.117400 0.000000 0.550861 -0.039190 0.000000
6.910063 -0.125419 0.282658 0.000000 -1.067612 0.165258 0.000000
6.920063 1.260636 -0.037626 0.000000 1.386055 -0.320284 0.000000
6.930064 -1.262510 0.378191 0.000000 -2.523146 0.415816 0.000000
6.940064 -0.853313 -0.378753 0.000000 0.409197 -0.756944 0.000000
6.950064 -0.398153 -0.255994 0.000000 0.455160 0.122759 0.000000
6.960064 0.522070 -0.119446 0.000000 0.920223 0.136548 0.000000
6.970065 0.498975 0.156621 0.000000 -0.023095 0.276067 0.000000
6.980065 0.808055 0.149692 0.000000 0.309081 -0.006929 0.000000
6.990065 0.235558 0.242417 0.000000 -0.572497 0.092724 0.000000
7.000065 1.164734 0.070667 0.000000 0.929176 -0.171749 0.000000
7.010066 -0.828580 0.349420 0.000000 -1.993314 0.278753 0.000000
7.020066 0.388257 -0.248574 0.000000 1.216838 -0.597994 0.000000
7.030066 0.540385 0.116477 0.000000 0.152127 0.365051 0.000000
7.040066 0.707655 0.162115 0.000000 0.167271 0.045638 0.000000
7.050066 0.461029 0.212297 0.000000 -0.246627 0.050181 0.000000
7.060067 0.914730 0.138309 0.000000 0.453702 -0.073988 0.000000
7.070067 -0.033115 0.274419 0.000000 -0.947845 0.136110 0.000000
7.080067 1.272884 -0.009935 0.000000 1.305999 -0.284354 0.000000
7.090067 -1.278261 0.381865 0.000000 -2.551145 0.391800 0.000000
7.100068 -0.905666 -0.383478 0.000000 0.372595 -0.765343 0.000000
7.110068 -0.531801 -0.271700 0.000000 0.373865 0.111779 0.000000
7.120068 0.332363 -0.159540 0.000000 0.864164 0.112159 0.000000
7.130068 0.685808 0.099709 0.000000 0.353445 0.259249 0.000000
7.140069 0.441242 0.205743 0.000000 -0.244566 0.106034 0.000000
7.150069 0.933170 0.132373 0.000000 0.491927 -0.073370 0.000000
7.160069 -0.086755 0.279951 0.000000 -1.019925 0.147578 0.000000
7.170069 1.269414 -0.026027 0.000000 1.356169 -0.305978 0.000000
7.180069 -1.282003 0.380824 0.000000 -2.551417 0.406851 0.000000
7.190070 -0.920119 -0.384601 0.000000 0.361884 -0.765425 0.000000
7.200070 -0.569867 -0.276036 0.000000 0.350252 0.108565 0.000000
7.210070 0.269317 -0.170960 0.000000 0.839184 0.105076 0.000000
7.220070 0.727495 0.080795 0.000000 0.458178 0.251755 0.000000
7.230071 0.339846 0.218249 0.000000 -0.387650 0.137453 0.000000
7.240071 1.056555 0.101954 0.000000 0.716710 -0.116295 0.000000
7.250071 -0.460879 0.316967 0.000000 -1.517435 0.215013 0.000000
7.260071 1.019593 -0.138264 0.000000 1.480472 -0.455230 0.000000
7.270072 -0.593662 0.305878 0.000000 -1.613255 0.444142 0.000000
7.280072 0.812470 -0.178099 0.000000 1.406132 -0.483977 0.000000
7.290072 -0.102248 0.243741 0.000000 -0.914718 0.421840 0.000000
7.300072 1.229104 -0.030674 0.000000 1.331352 -0.274415 0.000000
7.310072 -1.145651 0.368731 0.000000 -2.374755 0.399406 0.000000
7.320073 -0.468792 -0.343695 0.000000 0.676859 -0.712427 0.000000
7.330073 0.348633 -0.140638 0.000000 0.817424 0.203058 0.000000
7.340073 0.689200 0.104590 0.000000 0.340567 0.245227 0.000000
7.350073 0.439595 0.206760 0.000000 -0.249605 0.102170 0.000000
7.360074 0.936219 0.131878 0.000000 0.496624 -0.074881 0.000000
7.370074 -0.095229 0.280866 0.000000 -1.031448 0.148987 0.000000
7.380074 1.268170 -0.028569 0.000000 1.363399 -0.309434 0.000000
7.390074 -1.280125 0.380451 0.000000 -2.548295 0.409020 0.000000
7.400074 -0.913756 -0.384037 0.000000 0.366369 -0.764488 0.000000
7.410075 -0.552966 -0.274127 0.000000 0.360789 0.109911 0.000000
7.420075 0.297793 -0.165890 0.000000 0.850759 0.108237 0.000000
7.430075 0.709957 0.089338 0.000000 0.412165 0.255228 0.000000
7.440075 0.383682 0.212987 0.000000 -0.326275 0.123649 0.000000
7.450076 1.006890 0.115105 0.000000 0.623208 -0.097882 0.000000
7.460076 -0.304254 0.302067 0.000000 -1.311144 0.186962 0.000000
7.470076 1.172469 -0.091276 0.000000 1.476722 -0.393343 0.000000
7.480076 -1.015832 0.351741 0.000000 -2.188300 0.443017 0.000000
7.490077 -0.092939 -0.304749 0.000000 0.922893 -0.656490 0.000000
7.500077 0.683158 -0.027882 0.000000 0.776097 0.276868 0.000000
7.510077 0.318732 0.204947 0.000000 -0.364426 0.232829 0.000000
7.520077 1.062721 0.095620 0.000000 0.743990 -0.109328 0.000000
7.530077 -0.485508 0.318816 0.000000 -1.548229 0.223197 0.000000
7.540078 0.988811 -0.145652 0.000000 1.474319 -0.464469 0.000000
7.550078 -0.514499 0.296643 0.000000 -1.503311 0.442296 0.000000
7.560078 0.926050 -0.154350 0.000000 1.440549 -0.450993 0.000000
7.570078 -0.354946 0.277815 0.000000 -1.280996 0.432165 0.000000
7.580079 1.101434 -0.106484 0.000000 1.456380 -0.384299 0.000000
7.590079 -0.804903 0.330430 0.000000 -1.906336 0.436914 0.000000
7.600079 0.423415 -0.241471 0.000000 1.228317 -0.571901 0.000000
7.610079 0.507537 0.127024 0.000000 0.084122 0.368495 0.000000
7.620080 0.766393 0.152261 0.000000 0.258856 0.025237 0.000000
7.630080 0.329960 0.229918 0.000000 -0.436433 0.077657 0.000000
7.640080 1.077495 0.098988 0.000000 0.747535 -0.130930 0.000000
7.650080 -0.526406 0.323249 0.000000 -1.603901 0.224261 0.000000
7.660080 0.935304 -0.157922 0.000000 1.461710 -0.481170 0.000000
7.670081 -0.382633 0.280591 0.000000 -1.317937 0.438513 0.000000
7.680081 1.075620 -0.114790 0.000000 1.458253 -0.395381 0.000000
7.690081 -0.734532 0.322686 0.000000 -1.810152 0.437476 0.000000
7.700081 0.567334 -0.220360 0.000000 1.301866 -0.543046 0.000000
7.710082 0.329025 0.170200 0.000000 -0.238308 0.390560 0.000000
7.720082 1.018639 0.098708 0.000000 0.689614 -0.071493 0.000000
7.730082 -0.353969 0.305592 0.000000 -1.372608 0.206884 0.000000
7.740082 1.130180 -0.106191 0.000000 1.484149 -0.411782 0.000000
7.750082 -0.894421 0.339054 0.000000 -2.024602 0.445245 0.000000
7.760083 0.219069 -0.268326 0.000000 1.113490 -0.607381 0.000000
7.770083 0.664486 0.065721 0.000000 0.445417 0.334047 0.000000
7.780083 0.447563 0.199346 0.000000 -0.216923 0.133625 0.000000
7.790083 0.918909 0.134269 0.000000 0.471346 -0.065077 0.000000
7.800084 -0.047881 0.275673 0.000000 -0.966790 0.141404 0.000000
7.810084 1.272463 -0.014364 0.000000 1.320344 -0.290037 0.000000
7.820084 -1.281191 0.381739 0.000000 -2.553654 0.396103 0.000000
7.830084 -0.916291 -0.384357 0.000000 0.364900 -0.766096 0.000000
7.840085 -0.559783 -0.274887 0.000000 0.356509 0.109470 0.000000
7.850085 0.286413 -0.167935 0.000000 0.846196 0.106953 0.000000
7.860085 0.717220 0.085924 0.000000 0.430806 0.253859 0.000000
7.870085 0.365759 0.215166 0.000000 -0.351461 0.129242 0.000000
7.880085 1.027875 0.109728 0.000000 0.662116 -0.105438 0.000000
7.890086 -0.369410 0.308362 0.000000 -1.397285 0.198635 0.000000
7.900086 1.117314 -0.110823 0.000000 1.486723 -0.419185 0.000000
7.910086 -0.858568 0.335194 0.000000 -1.975882 0.446017 0.000000
7.920086 0.303199 -0.257571 0.000000 1.161767 -0.592765 0.000000
7.930087 0.613728 0.090960 0.000000 0.310530 0.348530 0.000000
7.940087 0.563632 0.184119 0.000000 -0.050096 0.093159 0.000000
7.950087 0.739365 0.169090 0.000000 0.175733 -0.015029 0.000000
7.960087 0.403765 0.221810 0.000000 -0.335601 0.052720 0.000000
7.970088 0.993573 0.121129 0.000000 0.589809 -0.100680 0.000000
7.980088 -0.260934 0.298072 0.000000 -1.254507 0.176943 0.000000
7.990088 1.202751 -0.078280 0.000000 1.463685 -0.376352 0.000000
8.000088 -1.103534 0.360825 0.000000 -2.306285 0.439105 0.000000
8.010088 -0.344078 -0.331060 0.000000 0.759457 -0.691886 0.000000
8.020088 0.503195 -0.103223 0.000000 0.847272 0.227837 0.000000
8.030088 0.542290 0.150958 0.000000 0.039096 0.254182 0.000000
8.040089 0.739248 0.162687 0.000000 0.196958 0.011729 0.000000
8.050089 0.397603 0.221775 0.000000 -0.341645 0.059088 0.000000
8.060089 1.000451 0.119281 0.000000 0.602847 -0.102494 0.000000
8.070089 -0.281981 0.300135 0.000000 -1.282432 0.180854 0.000000
8.080090 1.188816 -0.084594 0.000000 1.470798 -0.384730 0.000000
8.090090 -1.063193 0.356645 0.000000 -2.252009 0.441239 0.000000
8.100090 -0.225885 -0.318958 0.000000 0.837307 -0.675603 0.000000
8.110090 0.609608 -0.067766 0.000000 0.835494 0.251192 0.000000
8.120090 0.411963 0.182882 0.000000 -0.197645 0.250648 0.000000
8.130091 0.945283 0.123589 0.000000 0.533320 -0.059294 0.000000
8.140091 -0.127396 0.283585 0.000000 -1.072680 0.159996 0.000000
8.150091 1.260863 -0.038219 0.000000 1.388260 -0.321804 0.000000
8.160091 -1.263906 0.378259 0.000000 -2.524769 0.416478 0.000000
8.170092 -0.858182 -0.379172 0.000000 0.405724 -0.757431 0.000000
8.180092 -0.410239 -0.257455 0.000000 0.447943 0.121717 0.000000
8.190092 0.506931 -0.123072 0.000000 0.917170 0.134383 0.000000
8.200092 0.517157 0.152079 0.000000 0.010226 0.275151 0.000000
8.210093 0.777647 0.155147 0.000000 0.260489 0.003068 0.000000
8.220093 0.308519 0.233294 0.000000 -0.469128 0.078147 0.000000
8.230093 1.100036 0.092556 0.000000 0.791517 -0.140738 0.000000
8.240093 -0.601556 0.330011 0.000000 -1.701593 0.237455 0.000000
8.250093 0.823393 -0.180467 0.000000 1.424949 -0.510478 0.000000
8.260094 -0.129634 0.247018 0.000000 -0.953027 0.427485 0.000000
8.270094 1.223491 -0.038890 0.000000 1.353125 -0.285908 0.000000
8.280094 -1.134593 0.367047 0.000000 -2.358084 0.405937 0.000000
8.290094 -0.435174 -0.340378 0.000000 0.699419 -0.707425 0.000000
8.300095 0.394495 -0.130552 0.000000 0.829669 0.209826 0.000000
8.310095 0.651571 0.118348 0.000000 0.257077 0.248901 0.000000
8.320095 0.523985 0.195471 0.000000 -0.127586 0.077123 0.000000
8.330095 0.811087 0.157196 0.000000 0.287102 -0.038276 0.000000
8.340096 0.236189 0.243326 0.000000 -0.574898 0.086131 0.000000
8.350096 1.165227 0.070857 0.000000 0.929038 -0.172469 0.000000
8.360096 -0.829998 0.349568 0.000000 -1.995225 0.278711 0.000000
8.370096 0.385112 -0.248999 0.000000 1.215111 -0.598568 0.000000
8.380096 0.543365 0.115534 0.000000 0.158252 0.364533 0.000000
8.390097 0.702191 0.163009 0.000000 0.158826 0.047476 0.000000
8.400097 0.472709 0.210657 0.000000 -0.229482 0.047648 0.000000
8.410097 0.897822 0.141813 0.000000 0.425113 -0.068844 0.000000
8.420097 0.013295 0.269347 0.000000 -0.884527 0.127534 0.000000
8.430098 1.269099 0.003988 0.000000 1.255804 -0.265358 0.000000
8.440098 -1.250869 0.380730 0.000000 -2.519968 0.376741 0.000000
8.450098 -0.809813 -0.375261 0.000000 0.441056 -0.755991 0.000000
8.460098 -0.293376 -0.242944 0.000000 0.516437 0.132317 0.000000
8.470098 0.636559 -0.088013 0.000000 0.929935 0.154931 0.000000
8.480099 0.344698 0.190968 0.000000 -0.291861 0.278981 0.000000
8.490099 1.024625 0.103409 0.000000 0.679927 -0.087558 0.000000
8.500099 -0.366388 0.307387 0.000000 -1.391013 0.203978 0.000000
8.510099 1.119451 -0.109917 0.000000 1.485839 -0.417304 0.000000
8.520100 -0.864354 0.335835 0.000000 -1.983805 0.445752 0.000000
8.530100 0.289883 -0.259306 0.000000 1.154238 -0.595142 0.000000
8.540100 0.623048 0.086965 0.000000 0.333165 0.346271 0.000000
8.550100 0.543500 0.186915 0.000000 -0.079548 0.099950 0.000000
8.560101 0.773365 0.163050 0.000000 0.229865 -0.023865 0.000000
8.570101 0.325719 0.232010 0.000000 -0.447647 0.068960 0.000000
8.580101 1.083480 0.097716 0.000000 0.757762 -0.134294 0.000000
8.590101 -0.545785 0.325044 0.000000 -1.629265 0.227328 0.000000
8.600101 0.908010 -0.163736 0.000000 1.453795 -0.488780 0.000000
8.610102 -0.318011 0.272403 0.000000 -1.226021 0.436139 0.000000
8.620102 1.130820 -0.095403 0.000000 1.448831 -0.367806 0.000000
8.630102 -0.885658 0.339246 0.000000 -2.016478 0.434649 0.000000
8.640102 0.241099 -0.265698 0.000000 1.126757 -0.604944 0.000000
8.650103 0.652922 0.072330 0.000000 0.411823 0.338027 0.000000
8.660103 0.475499 0.195877 0.000000 -0.177423 0.123547 0.000000
8.670103 0.879337 0.142650 0.000000 0.403838 -0.053227 0.000000
8.680103 0.060122 0.263801 0.000000 -0.819215 0.121151 0.000000
8.690104 1.258741 0.018037 0.000000 1.198619 -0.245765 0.000000
8.700104 -1.200163 0.377622 0.000000 -2.458904 0.359586 0.000000
8.710104 -0.638924 -0.360049 0.000000 0.561238 -0.737671 0.000000
8.720104 0.068437 -0.191677 0.000000 0.707362 0.168372 0.000000
8.730104 0.801766 0.020531 0.000000 0.733328 0.212209 0.000000
8.740105 0.120572 0.240530 0.000000 -0.681194 0.219998 0.000000
8.750105 1.220177 0.036172 0.000000 1.099605 -0.204358 0.000000
8.760105 -1.048193 0.366053 0.000000 -2.268370 0.329882 0.000000
8.770105 -0.172140 -0.314458 0.000000 0.876054 -0.680511 0.000000
8.780106 0.644057 -0.051642 0.000000 0.816197 0.262816 0.000000
8.790106 0.367625 0.193217 0.000000 -0.276432 0.244859 0.000000
8.800106 1.004010 0.110287 0.000000 0.636385 -0.082930 0.000000
8.810106 -0.300962 0.301203 0.000000 -1.304972 0.190915 0.000000
8.820107 1.174393 -0.090289 0.000000 1.475356 -0.391492 0.000000
8.830107 -1.021168 0.352318 0.000000 -2.195562 0.442607 0.000000
8.840107 -0.107580 -0.306350 0.000000 0.913588 -0.658668 0.000000
8.850107 0.677447 -0.032274 0.000000 0.785027 0.274076 0.000000
8.860107 0.325218 0.203234 0.000000 -0.352228 0.235508 0.000000
8.870108 1.055160 0.097566 0.000000 0.729942 -0.105669 0.000000
8.880108 -0.461143 0.316548 0.000000 -1.516303 0.218983 0.000000
8.890108 1.018834 -0.138343 0.000000 1.479977 -0.454891 0.000000
8.900108 -0.591575 0.305650 0.000000 -1.610409 0.443993 0.000000
8.910109 0.815704 -0.177473 0.000000 1.407280 -0.483123 0.000000
8.920109 -0.108996 0.244711 0.000000 -0.924700 0.422184 0.000000
8.930109 1.228079 -0.032699 0.000000 1.337075 -0.277410 0.000000
8.940109 -1.144149 0.368424 0.000000 -2.372228 0.401123 0.000000
8.950109 -0.464284 -0.343245 0.000000 0.679865 -0.711669 0.000000
8.960110 0.354972 -0.139285 0.000000 0.819256 0.203960 0.000000
8.970110 0.684308 0.106492 0.000000 0.329335 0.245777 0.000000
8.980110 0.450904 0.205292 0.000000 -0.233403 0.098801 0.000000
8.990110 0.920652 0.135271 0.000000 0.469748 -0.070021 0.000000
9.000111 -0.051368 0.276196 0.000000 -0.972020 0.140924 0.000000
9.010111 1.272501 -0.015411 0.000000 1.323870 -0.291606 0.000000
9.020111 -1.282374 0.381750 0.000000 -2.554876 0.397161 0.000000
9.030111 -0.920525 -0.384712 0.000000 0.361849 -0.766463 0.000000
9.040112 -0.571026 -0.276158 0.000000 0.349499 0.108555 0.000000
9.050112 0.267343 -0.171308 0.000000 0.838369 0.104850 0.000000
9.060112 0.728631 0.080203 0.000000 0.461288 0.251511 0.000000
9.070112 0.336939 0.218589 0.000000 -0.391692 0.138386 0.000000
9.080112 1.059650 0.101082 0.000000 0.722711 -0.117508 0.000000
9.090113 -0.470920 0.317895 0.000000 -1.530571 0.216813 0.000000
9.100113 1.007423 -0.141276 0.000000 1.478343 -0.459171 0.000000
9.110113 -0.562137 0.302227 0.000000 -1.569560 0.443503 0.000000
9.120113 0.859829 -0.168641 0.000000 1.421967 -0.470868 0.000000
9.130114 -0.203670 0.257949 0.000000 -1.063499 0.426590 0.000000
9.140114 1.199875 -0.061101 0.000000 1.403545 -0.319050 0.000000
9.150114 -1.076680 0.359962 0.000000 -2.276555 0.421063 0.000000
9.160114 -0.262974 -0.323004 0.000000 0.813707 -0.682967 0.000000
9.170115 0.580179 -0.078892 0.000000 0.843152 0.244112 0.000000
9.180115 0.449858 0.174054 0.000000 -0.130321 0.252946 0.000000
9.190115 0.890733 0.134957 0.000000 0.440875 -0.039096 0.000000
9.200115 0.024191 0.267220 0.000000 -0.866542 0.132262 0.000000
9.210115 1.266401 0.007257 0.000000 1.242210 -0.259963 0.000000
9.220116 -1.238021 0.379920 0.000000 -2.504422 0.372663 0.000000
9.230116 -0.765855 -0.371406 0.000000 0.472166 -0.751327 0.000000
9.240116 -0.192555 -0.229757 0.000000 0.573301 0.141650 0.000000
9.250116 0.718335 -0.057766 0.000000 0.910890 0.171990 0.000000
9.260117 0.219826 0.215501 0.000000 -0.498509 0.273267 0.000000
9.270117 1.147848 0.065948 0.000000 0.928022 -0.149553 0.000000
9.280117 -0.778629 0.344354 0.000000 -1.926476 0.278407 0.000000
9.290117 0.495587 -0.233589 0.000000 1.274215 -0.577943 0.000000
9.300117 0.422562 0.148676 0.000000 -0.073024 0.382265 0.000000
9.310118 0.898693 0.126769 0.000000 0.476131 -0.021907 0.000000
9.320118 -0.003941 0.269608 0.000000 -0.902634 0.142839 0.000000
9.330118 1.269586 -0.001182 0.000000 1.273527 -0.270790 0.000000
9.340118 -1.257771 0.380876 0.000000 -2.527358 0.382058 0.000000
9.350119 -0.833909 -0.377331 0.000000 0.423863 -0.758207 0.000000
9.360119 -0.350897 -0.250173 0.000000 0.483012 0.127159 0.000000
9.370119 0.577447 -0.105269 0.000000 0.928344 0.144904 0.000000
9.380119 0.427908 0.173234 0.000000 -0.149539 0.278503 0.000000
9.390120 0.916887 0.128372 0.000000 0.488979 -0.044862 0.000000
9.400120 -0.048582 0.275066 0.000000 -0.965469 0.146694 0.000000
9.410120 1.271762 -0.014575 0.000000 1.320344 -0.289641 0.000000
9.420120 -1.278904 0.381529 0.000000 -2.550666 0.396103 0.000000
9.430120 -0.908306 -0.383671 0.000000 0.370599 -0.765200 0.000000
9.440121 -0.538698 -0.272492 0.000000 0.369608 0.111180 0.000000
9.450121 0.321234 -0.161609 0.000000 0.859933 0.110882 0.000000
9.460121 0.693922 0.096370 0.000000 0.372688 0.257980 0.000000
9.470121 0.422231 0.208177 0.000000 -0.271692 0.111806 0.000000
9.480122 0.958586 0.126669 0.000000 0.536356 -0.081508 0.000000
9.490122 -0.159774 0.287576 0.000000 -1.118360 0.160907 0.000000
9.500122 1.251837 -0.047932 0.000000 1.411611 -0.335508 0.000000
9.510122 -1.241867 0.375551 0.000000 -2.493704 0.423483 0.000000
9.520123 -0.783575 -0.372560 0.000000 0.458292 -0.748111 0.000000
9.530123 -0.232146 -0.235073 0.000000 0.551429 0.137487 0.000000
9.540123 0.689479 -0.069644 0.000000 0.921625 0.165429 0.000000
9.550123 0.264823 0.206844 0.000000 -0.424656 0.276488 0.000000
9.560123 1.108660 0.079447 0.000000 0.843837 -0.127397 0.000000
9.570124 -0.641331 0.332598 0.000000 -1.749991 0.253151 0.000000
9.580124 0.756771 -0.192399 0.000000 1.398102 -0.524997 0.000000
9.590124 0.005818 0.227031 0.000000 -0.750953 0.419431 0.000000
9.600124 1.226984 0.001745 0.000000 1.221166 -0.225286 0.000000
9.610125 -1.105940 0.368095 0.000000 -2.332923 0.366350 0.000000
9.620125 -0.344248 -0.331782 0.000000 0.761692 -0.699877 0.000000
9.630125 0.502309 -0.103274 0.000000 0.846557 0.228507 0.000000
9.640125 0.543486 0.150693 0.000000 0.041177 0.253967 0.000000
9.650126 0.737165 0.163046 0.000000 0.193679 0.012353 0.000000
9.660126 0.402268 0.221150 0.000000 -0.334897 0.058104 0.000000
9.670126 0.994602 0.120680 0.000000 0.592334 -0.100469 0.000000
9.680126 -0.264246 0.298381 0.000000 -1.258848 0.177700 0.000000
9.690126 1.200624 -0.079274 0.000000 1.464870 -0.377654 0.000000
9.700127 -1.097372 0.360187 0.000000 -2.297997 0.439461 0.000000
9.710127 -0.325729 -0.329212 0.000000 0.771644 -0.689399 0.000000
9.720127 0.522250 -0.097719 0.000000 0.847978 0.231493 0.000000
9.730127 0.520439 0.156675 0.000000 -0.001810 0.254393 0.000000
9.740128 0.777475 0.156132 0.000000 0.257036 -0.000543 0.000000
9.750128 0.309877 0.233243 0.000000 -0.467599 0.077111 0.000000
9.760128 1.098810 0.092963 0.000000 0.788933 -0.140280 0.000000
9.770128 -0.597373 0.329643 0.000000 -1.696183 0.236680 0.000000
9.780128 0.830047 -0.179212 0.000000 1.427420 -0.508855 0.000000
9.790129 -0.143781 0.249014 0.000000 -0.973827 0.428226 0.000000
9.800129 1.220072 -0.043134 0.000000 1.363853 -0.292148 0.000000
9.810129 -1.127140 0.366022 0.000000 -2.347212 0.409156 0.000000
9.820129 -0.412602 -0.338142 0.000000 0.714539 -0.704164 0.000000
9.830130 0.423522 -0.123780 0.000000 0.836123 0.214362 0.000000
9.840130 0.625100 0.127057 0.000000 0.201579 0.250837 0.000000
9.850130 0.580006 0.187530 0.000000 -0.045095 0.060474 0.000000
9.860130 0.716561 0.174002 0.000000 0.136555 -0.013528 0.000000
9.870131 0.455159 0.214968 0.000000 -0.261402 0.040967 0.000000
9.880131 0.924931 0.136548 0.000000 0.469772 -0.078421 0.000000
9.890131 -0.061149 0.277479 0.000000 -0.986080 0.140932 0.000000
9.900131 1.272244 -0.018345 0.000000 1.333393 -0.295824 0.000000
9.910131 -1.284393 0.381673 0.000000 -2.556638 0.400018 0.000000
9.920132 -0.927858 -0.385318 0.000000 0.356535 -0.766991 0.000000
9.930132 -0.590608 -0.278358 0.000000 0.337251 0.106960 0.000000
9.940132 0.233298 -0.177182 0.000000 0.823906 0.101175 0.000000
9.950132 0.746618 0.069990 0.000000 0.513320 0.247172 0.000000
9.960133 0.289575 0.223986 0.000000 -0.457043 0.153996 0.000000
9.970133 1.106590 0.086872 0.000000 0.817015 -0.137113 0.000000
9.980133 -0.627487 0.331977 0.000000 -1.734077 0.245105 0.000000
9.990133 0.780742 -0.188246 0.000000 1.408229 -0.520223 0.000000
10.000134 -0.041627 0.234223 0.000000 -0.822369 0.422469 0.000000
